# Perfil a x=25000.0 mm
-2120.604331 -284.293204
-2121.728382 -266.440084
-2121.726148 -266.401694
-2120.676157 -248.544584
-2120.668175 -248.507006
-2116.933764 -231.031568
-2116.921087 -230.995311
-2110.994772 -214.139259
-2110.971364 -214.089427
-2100.206882 -191.286530
-2100.202526 -191.278449
-2098.200545 -187.581413
-2098.150466 -187.501818
-2075.142427 -151.091716
-2075.084982 -151.017201
-2048.711288 -116.940285
-2048.647717 -116.868929
-2019.916800 -84.735461
-2019.849261 -84.667805
-1989.335355 -54.203016
-1989.321584 -54.190013
-1983.193518 -48.422800
-1983.099545 -48.339637
-1941.291821 -11.454718
-1941.193821 -11.376273
-1897.606705 23.414718
-1897.503921 23.490044
-1852.470346 56.407525
-1852.364759 56.478922
-1806.111731 87.679691
-1806.002166 87.748448
-1758.708495 117.361873
-1758.596815 117.427188
-1710.397701 145.558961
-1710.165682 145.681786
-1611.477017 197.833876
-1611.235559 197.946248
-1509.996719 244.997582
-1509.746741 245.099909
-1406.406337 287.362683
-1406.148433 287.454859
-1301.005131 325.020509
-1300.739754 325.102094
-1194.024241 357.926580
-1193.751897 357.997291
-1085.704580 386.093928
-1085.425895 386.154194
-976.325124 409.801793
-976.040593 409.851777
-866.099077 429.215464
-865.809079 429.254868
-755.191481 444.318039
-754.896506 444.347410
-643.804641 455.421083
-643.505196 455.442299
-532.142284 463.334023
-531.838665 463.348228
-420.320820 468.560146
-420.013211 468.567816
-308.411284 471.337250
-307.925480 471.338292
-133.809487 471.680279
-133.312105 471.669696
40.752601 467.925488
41.409021 467.897209
265.833785 458.167085
266.513019 458.124577
493.494844 443.851200
494.188634 443.797487
720.922356 426.173441
721.394707 426.132767
872.436083 413.081225
872.918340 413.036797
1023.870080 399.084835
1023.924211 399.079677
1040.691179 397.476906
1040.799433 397.466509
1074.331100 394.235780
1075.752569 394.092119
1511.439816 349.927852
1511.894958 349.879595
1645.868073 335.632238
1645.925520 335.626053
1662.668913 333.818102
1662.783791 333.805597
1696.266016 330.150163
1696.526868 330.120336
1771.813466 321.487290
1771.930366 321.472617
1805.344837 317.265184
1805.456826 317.250801
1837.467755 313.126786
1837.545666 313.116802
1859.815559 310.255502
1859.859814 310.249899
1872.388603 308.659806
1872.403356 308.657955
1876.580511 308.132648
1876.595266 308.130805
1880.772421 307.608083
1880.787179 307.606252
1884.965064 307.086875
1884.979820 307.085053
1889.157705 306.568322
1889.172466 306.566516
1893.351567 306.054437
1893.366325 306.052637
1897.544453 305.542231
1897.559223 305.540458
1901.740514 305.037929
1901.755267 305.036147
1905.932178 304.531093
1905.946964 304.529365
1910.133121 304.039699
1910.147847 304.037909
1914.316730 303.530362
1914.331425 303.528077
1918.492767 302.884170
1918.499536 302.881187
1920.417330 302.039157
1920.423285 302.034708
1922.110447 300.777183
1922.115243 300.771501
1923.474460 299.163954
1923.477724 299.157341
1924.403170 297.285589
1924.404702 297.278353
1924.839204 295.229917
1924.839128 295.229335
1924.814859 295.075504
1924.789981 294.942144
1924.763477 294.819671
1924.361511 293.110441
1924.591322 291.886545
1924.604855 291.825537
1924.617743 291.758308
1924.629050 291.686943
1924.639036 291.607699
1924.647606 291.519229
1924.648424 291.506673
1924.572662 291.307229
1924.079088 290.009243
1923.970156 289.825942
1923.260908 288.633120
1923.121177 288.471574
1922.211283 287.420480
1922.045529 287.285322
1920.966312 286.406223
1920.779669 286.301880
1919.564359 285.623639
1919.362674 285.553095
1918.049792 285.095105
1917.839563 285.060433
1916.471017 284.835948
1915.618402 284.895032
1910.069505 285.281139
1909.691117 285.315593
1907.228115 285.540077
1905.902151 285.648298
1897.272226 286.352811
1890.155804 286.716034
1843.836739 289.082481
1837.425840 289.151053
1795.685395 289.607130
1789.278628 289.507772
1747.548879 288.885187
1741.149296 288.658291
1699.464792 287.222322
1693.078393 286.816075
1651.462798 284.217839
1638.741057 282.853296
1555.832938 274.064044
1543.212369 271.983102
1460.927838 258.518383
1448.437521 255.776736
1366.967068 237.994665
1354.628290 234.647009
1274.112682 212.899642
1261.938117 209.002321
1182.462986 183.650764
1170.460422 179.256341
1092.078912 150.639363
1082.600475 146.805181
1020.683613 121.815282
1011.305637 117.739113
950.043485 91.160643
945.906273 89.281819
918.871445 77.024281
904.174870 70.016935
808.133199 24.284845
793.605045 16.953305
698.601275 -30.940196
689.203706 -35.830673
627.731341 -67.791513
623.714270 -69.907062
597.436199 -83.733929
589.416704 -87.987213
536.939372 -115.795025
528.929289 -120.064896
476.510262 -147.981697
470.505890 -151.185067
431.197274 -172.135588
425.191147 -175.331165
385.857515 -196.236068
375.831859 -201.530387
310.169204 -236.162078
295.411972 -243.809970
198.718925 -293.844274
191.307426 -297.595848
142.725062 -322.142972
122.366397 -332.052384
-11.142671 -396.891958
-25.895262 -403.622768
-122.684024 -447.654674
-137.601946 -453.982139
-235.515816 -495.367446
-249.912315 -500.950236
-344.439731 -537.456910
-359.012468 -542.539296
-454.729989 -575.767001
-466.772944 -579.501873
-545.897568 -603.921477
-558.065237 -607.230226
-638.031211 -628.870462
-650.321827 -631.699256
-731.116761 -650.212353
-743.527550 -652.489025
-825.107186 -667.401138
-833.896195 -668.638574
-891.682820 -676.758767
-900.508557 -677.677632
-958.555861 -683.724790
-967.408406 -684.315234
-1025.630949 -688.221957
-1034.493390 -688.480827
-1092.803443 -690.227195
-1101.664944 -690.168167
-1159.973661 -689.839492
-1168.820972 -689.471899
-1227.058207 -687.125122
-1235.881002 -686.455477
-1293.982261 -682.129031
-1302.771154 -681.159649
-1360.674760 -674.864226
-1369.422526 -673.594993
-1427.062076 -665.328746
-1435.755973 -663.758554
-1493.063615 -653.510563
-1501.690860 -651.631513
-1558.585287 -639.347103
-1567.134842 -637.148137
-1623.524439 -622.755515
-1631.980159 -620.230600
-1687.773584 -603.683828
-1696.116506 -600.817431
-1751.191142 -582.010399
-1759.393592 -578.771643
-1813.566303 -557.498227
-1821.586130 -553.827136
-1874.559637 -529.693203
-1882.462161 -525.416213
-1934.680064 -497.263623
-1942.186464 -492.316847
-1991.802857 -459.709074
-1993.300719 -458.582025
-2003.200925 -451.148812
-2004.962700 -449.749754
-2016.606974 -440.521041
-2019.997472 -437.565001
-2042.414453 -418.053940
-2045.825080 -414.573131
-2068.373969 -391.591349
-2070.932504 -388.357412
-2087.845329 -366.998570
-2090.228021 -362.859948
-2105.976532 -335.507019
-2106.865678 -333.288864
-2112.739942 -318.627263
-2113.396362 -316.329864
-2117.732072 -301.144604
-2117.749893 -301.045469
-2117.875745 -300.338193
-2117.987156 -299.705672
-2118.086362 -299.136667
-2118.178443 -298.601691
-2118.260695 -298.117374
-2119.808886 -288.555381
-2120.424063 -285.348042
-2120.463953 -285.136413
-2120.507162 -284.895554
-2120.552209 -284.633725
-2120.601790 -284.332278
-2120.601899 -284.331583
-2120.604331 -284.293204
