# Perfil a x=55000.0 mm
-207.394579 -173.453483
-227.797086 -174.468601
-299.912057 -176.039712
-341.316103 -176.938009
-412.759984 -176.266625
-454.859983 -175.867381
-525.559562 -173.127233
-568.326977 -171.466171
-638.199032 -166.568980
-681.604767 -163.523387
-739.466697 -157.480293
-776.296228 -153.631122
-804.945676 -149.778918
-823.478051 -147.285774
-851.889834 -142.726567
-870.483844 -139.741588
-893.347572 -135.330595
-908.462527 -132.413594
-931.056882 -127.158319
-946.135408 -123.650300
-973.005698 -115.513015
-991.130897 -110.023157
-1001.644965 -105.836130
-1008.791989 -102.989690
-1018.890385 -97.934710
-1025.786023 -94.482736
-1033.340848 -89.472998
-1038.521413 -86.037636
-1045.041052 -79.781441
-1049.529772 -75.474379
-1052.074437 -71.743445
-1053.831420 -69.167710
-1055.743874 -65.084020
-1057.066909 -62.259519
-1058.349621 -57.944586
-1059.238851 -54.954296
-1059.854621 -50.504250
-1060.282545 -47.413609
-1060.388543 -45.152487
-1060.391736 -45.083499
-1060.392273 -45.071331
-1060.392479 -45.066262
-1060.392580 -45.063484
-1060.392632 -45.061729
-1060.392660 -45.060521
-1060.392673 -45.059639
-1060.392676 -45.058967
-1060.392673 -45.058438
-1060.392666 -45.058011
-1060.392656 -45.057660
-1060.392539 -45.053973
-1060.392763 -45.050113
-1060.392772 -45.049952
-1060.392781 -45.049776
-1060.392790 -45.049584
-1060.392798 -45.049374
-1060.392806 -45.049142
-1060.392813 -45.048885
-1060.392820 -45.048599
-1060.392826 -45.048279
-1060.392832 -45.047917
-1060.392837 -45.047505
-1060.392840 -45.047032
-1060.392842 -45.046484
-1060.392843 -45.045840
-1060.392840 -45.045074
-1060.392834 -45.044145
-1060.392824 -45.042998
-1060.392809 -45.041544
-1060.392783 -45.039641
-1060.392744 -45.037043
-1060.392681 -45.033284
-1060.392579 -45.027653
-1060.392390 -45.017780
-1060.391958 -44.995977
-1060.390160 -44.907686
-1060.344409 -42.678682
-1060.099566 -40.205440
-1059.708229 -36.256975
-1059.131561 -33.831232
-1058.213914 -29.973095
-1056.786198 -26.393642
-1054.525371 -20.727283
-1052.576944 -17.382535
-1049.509573 -12.118064
-1047.766702 -9.726514
-1045.038491 -5.983825
-1043.291815 -3.885547
-1040.568003 -0.614017
-1035.330692 4.681849
-1027.217398 12.884329
-1021.040582 18.067509
-1011.578136 26.006494
-1005.015156 30.793377
-995.079673 38.038908
-988.444393 42.376163
-978.510131 48.868754
-965.855088 56.185709
-947.181512 66.980708
-933.987832 73.656701
-914.888363 83.319403
-900.904835 89.629853
-881.063969 98.582041
-866.687853 104.440727
-846.697842 112.585776
-828.449541 119.286465
-803.601629 128.408834
-784.880065 134.577863
-759.997471 142.775436
-740.846496 148.463425
-715.987017 155.845406
-696.433345 161.085364
-671.641073 167.727713
-631.454331 176.954293
-582.154353 188.270571
-540.565465 195.913793
-491.851349 204.864052
-448.970025 210.944894
-400.945575 217.752842
-356.835713 222.211220
-309.595937 226.983922
-264.330205 229.662185
-217.941103 232.405049
-194.898081 232.939714
-172.041611 233.469170
-148.741709 233.332221
-126.130466 233.198483
-103.525198 232.489344
-82.049407 231.814913
-47.772750 229.894858
-16.050754 228.116834
18.672485 225.279866
49.831442 222.733135
84.995477 219.053473
115.572727 215.852830
151.159042 211.396749
181.160053 207.639177
228.315490 200.717081
266.631159 195.091496
314.489825 187.037095
351.820129 180.753563
400.403403 171.651339
436.730153 164.844434
486.034020 154.829364
521.389584 147.646735
588.678852 132.948922
634.482482 122.943016
751.603525 95.412264
824.865079 78.189533
889.262038 62.565757
926.644146 53.495391
958.457941 45.765028
976.221830 41.448197
997.832167 36.210034
1009.630497 33.349965
1022.203991 30.313486
1028.967798 28.679864
1051.644150 23.361076
1063.645753 20.545807
1076.623746 17.534461
1083.391111 15.964040
1096.531678 12.875638
1103.303771 11.283871
1116.597412 8.067332
1123.364978 6.429697
1136.717170 3.053676
1143.428509 1.356577
1158.181686 -2.606209
1165.503122 -4.572932
1176.931914 -7.853039
1182.536290 -9.461625
1190.026754 -11.728058
1193.670717 -12.830705
1195.500907 -13.399806
1196.388626 -13.675823
1197.795933 -14.117398
1198.477200 -14.331191
1199.076201 -14.526163
1199.365758 -14.620442
1199.928266 -14.904144
1200.200233 -15.041308
1200.692092 -15.435035
1200.929673 -15.625215
1201.330110 -16.110903
1201.523465 -16.345398
1201.828012 -16.933748
1201.975107 -17.217802
1202.068285 -17.532294
1202.113174 -17.683936
1202.162005 -18.007225
1202.185562 -18.163105
1202.135044 -19.151481
1202.103834 -19.758009
1202.096004 -19.907791
1202.092370 -19.975626
1202.090236 -20.014317
1202.088730 -20.040149
1202.087651 -20.057993
1202.086806 -20.071064
1202.086119 -20.081048
1202.085541 -20.088921
1202.085043 -20.095290
1202.084601 -20.100546
1202.084199 -20.104958
1202.079284 -20.155909
1202.069602 -20.183149
1202.067257 -20.189259
1202.063323 -20.198920
1202.055838 -20.216519
1202.037352 -20.258727
1201.930773 -20.497835
1201.636561 -21.154766
1201.152218 -21.775090
1200.962241 -22.018264
1200.342522 -22.504681
1200.099344 -22.695466
1199.380492 -23.018993
1199.098398 -23.145899
1198.322456 -23.287241
1198.017831 -23.342699
1197.230234 -23.293627
1196.921008 -23.274346
1195.402132 -22.848490
1194.805438 -22.681175
1172.365126 -17.286909
1163.487210 -15.152363
1140.733487 -11.668046
1131.643627 -10.275516
1108.756040 -8.437875
1099.529491 -7.696393
1076.635383 -7.170717
1067.318428 -6.956007
1024.267396 -8.241480
1006.486832 -8.770774
961.114019 -11.835313
942.041374 -13.121652
897.007669 -17.414691
877.743204 -19.249207
788.772190 -30.435222
749.591705 -35.357066
633.489455 -53.389361
580.245160 -61.653012
428.019899 -87.643182
354.517933 -100.184171
267.038612 -114.822263
223.079352 -122.173124
149.110436 -133.650608
110.879130 -139.578608
37.389895 -149.630028
-1.615992 -154.960845
-74.681677 -162.958522
-114.483882 -167.311097
-150.896176 -170.099329
-171.092689 -171.643863
-207.394579 -173.453483
