# Perfil a x=5000.0 mm
-1311.237528 992.913956
-1373.841347 948.631635
-1374.466313 948.151025
-1435.000344 901.032235
-1435.564379 900.555681
-1493.886745 850.683747
-1494.390540 850.215669
-1550.317921 797.628444
-1550.762027 797.174504
-1604.140339 741.958194
-1604.526019 741.523783
-1655.191266 683.763193
-1655.519379 683.354525
-1703.283844 623.130685
-1703.556189 622.754235
-1748.266517 560.177507
-1748.484962 559.840346
-1789.949263 495.013640
-1790.116485 494.722872
-1828.124955 427.751209
-1828.244631 427.514444
-1862.628241 358.546802
-1862.704741 358.372267
-1893.291193 287.569812
-1893.330177 287.465206
-1919.925278 214.992460
-1919.933683 214.965244
-1927.281010 190.772684
-1942.373044 141.079984
-1942.389819 141.023809
-1960.519434 66.032159
-1960.553973 65.886560
-1974.227828 -9.946315
-1974.270076 -10.185962
-1983.337836 -86.609372
-1983.376714 -86.946888
-1987.780129 -163.684038
-1987.803945 -164.121098
-1987.391857 -240.881996
-1987.387720 -241.419173
-1981.716590 -317.875032
-1981.668552 -318.509946
-1971.555781 -394.407794
-1971.457838 -395.137519
-1964.278781 -431.899879
-1961.050562 -448.363669
-1956.559200 -470.990882
-1952.734054 -485.063259
-1947.131660 -505.517584
-1938.169202 -537.933147
-1932.691709 -554.168421
-1916.153192 -603.783806
-1909.779834 -619.710270
-1890.618883 -668.353523
-1883.279323 -683.878755
-1861.332859 -731.305066
-1853.103119 -746.399092
-1828.567084 -792.516168
-1819.510184 -807.150723
-1792.564347 -851.879017
-1782.719729 -866.018203
-1753.476149 -909.255811
-1742.895835 -922.877395
-1711.493908 -964.554056
-1700.243196 -977.653242
-1666.863825 -1017.747145
-1654.985167 -1030.305614
-1619.757240 -1068.767225
-1607.289320 -1080.768176
-1570.324842 -1117.548659
-1557.303002 -1128.973605
-1518.706615 -1164.020294
-1505.163869 -1174.852285
-1465.032295 -1208.116836
-1451.002559 -1218.340458
-1409.433668 -1249.775075
-1394.952375 -1259.380179
-1352.052650 -1288.959938
-1337.148887 -1297.929302
-1293.001804 -1325.600145
-1277.714256 -1333.934017
-1232.435106 -1359.698004
-1216.789872 -1367.377333
-1170.456502 -1391.182202
-1154.484329 -1398.195277
-1107.189662 -1420.009850
-1090.922085 -1426.352958
-1042.756633 -1446.164025
-1026.220522 -1451.818823
-977.265150 -1469.576068
-960.492746 -1474.536523
-910.844725 -1490.229148
-893.860124 -1494.468510
-843.588568 -1508.019254
-826.421390 -1511.516393
-775.614677 -1522.878409
-758.294178 -1525.600763
-707.035643 -1534.680427
-689.595378 -1536.603205
-637.981200 -1543.326882
-620.458406 -1544.442996
-568.596843 -1548.796001
-551.029188 -1549.104146
-499.030374 -1551.075671
-481.454912 -1550.593914
-429.429835 -1550.229763
-411.880460 -1548.973111
-359.930341 -1546.318043
-342.438144 -1544.325076
-290.661247 -1539.483931
-273.249185 -1536.787149
-221.715029 -1529.851890
-204.406910 -1526.483744
-153.193116 -1517.547496
-136.006560 -1513.547854
-85.172258 -1502.723995
-68.121243 -1498.125668
-17.710707 -1485.515331
-0.804890 -1480.357273
49.146854 -1466.070441
65.898810 -1460.382651
115.360241 -1444.502821
131.947079 -1438.307561
180.881072 -1420.907658
197.298887 -1414.234103
245.690691 -1395.400027
261.936268 -1388.278653
309.777932 -1368.112884
325.853220 -1360.578178
373.140753 -1339.166927
389.042475 -1331.239793
435.768062 -1308.655303
451.501544 -1300.367795
497.683633 -1276.710763
513.254258 -1268.091255
558.902801 -1243.434616
589.570577 -1225.298505
679.335343 -1173.269428
709.407461 -1154.053542
797.190644 -1098.736553
826.686778 -1078.548926
912.530604 -1020.251774
941.460802 -999.163399
1025.358681 -938.074554
1053.718381 -916.121821
1135.609353 -852.354217
1163.391503 -829.559504
1243.176122 -763.186866
1270.352082 -739.539760
1347.837326 -670.563527
1374.352755 -646.018262
1449.231577 -574.342810
1462.218872 -561.704811
1498.525950 -524.821399
1511.302546 -511.918743
1546.746036 -474.269669
1559.287079 -461.091746
1593.769810 -422.668049
1606.034852 -409.191750
1639.409068 -369.939844
1649.274124 -358.604441
1675.823792 -325.637260
1685.438536 -314.066398
1711.030382 -280.469298
1720.367329 -268.660114
1744.910324 -234.434395
1753.921311 -222.373079
1777.283445 -187.507387
1785.923201 -175.182602
1807.976607 -139.654189
1816.189144 -127.049539
1836.797985 -90.836887
1844.516097 -77.945462
1863.501828 -41.044528
1870.657118 -27.865987
1887.851044 9.707820
1894.408142 23.281388
1909.726774 61.813609
1915.516054 75.696738
1928.577073 114.910295
1933.462939 129.115348
1943.987429 169.011665
1947.793749 183.551222
1955.439491 224.131956
1956.865224 231.528017
1959.473790 252.074104
1960.535526 259.551120
1962.250673 280.256090
1962.899377 287.802370
1963.610932 308.637500
1963.821250 316.235180
1963.500761 337.162929
1963.219851 344.789230
1961.817782 365.760907
1961.036974 373.372111
1958.441684 394.288860
1957.312647 401.867846
1953.987136 422.709868
1950.972146 437.466353
1948.003789 450.848239
1945.107429 462.749325
1942.286448 474.147655
1941.858675 475.839501
1941.330623 477.575943
1934.420720 500.482987
1933.155758 503.868590
1916.648197 548.705173
1915.101152 551.964568
1895.012651 595.166885
1893.214715 598.312566
1870.055172 639.789377
1868.035618 642.826834
1842.247888 682.589242
1840.032616 685.518546
1811.952378 723.613750
1809.566781 726.430713
1779.458942 762.916523
1776.928214 765.614444
1745.005083 800.543883
1740.981393 804.361415
1689.998382 854.005824
1685.781763 857.527416
1631.598150 903.957656
1627.267692 907.172382
1570.280125 950.555708
1565.908865 953.462589
1506.469710 993.970896
1502.120102 996.575866
1440.528779 1034.352902
1436.250195 1036.670872
1372.767050 1071.867700
1368.597279 1073.917288
1303.448836 1106.666659
1299.413351 1108.467205
1232.785524 1138.849909
1228.901525 1140.425085
1160.980355 1168.557933
1157.255087 1169.930607
1088.178681 1195.908680
1084.614546 1197.099119
1014.517018 1220.980012
1011.111850 1222.008552
940.126108 1243.867507
936.874193 1244.752226
865.099734 1264.646617
861.992039 1265.403920
789.519589 1283.385612
786.547540 1284.029300
713.463746 1300.134457
710.617351 1300.677587
637.010931 1314.958275
634.280345 1315.410746
560.218505 1327.881876
557.595230 1328.252910
483.140916 1338.946695
480.616543 1339.243437
405.822226 1348.163138
403.390340 1348.391832
328.319922 1355.546471
325.974437 1355.712200
250.670688 1361.097819
248.408482 1361.205167
172.929426 1364.820928
170.746233 1364.873686
95.128378 1366.705186
93.022182 1366.706081
17.316340 1366.716063
15.286258 1366.667965
-60.467786 1364.824934
-62.421247 1364.730419
-138.168943 1360.990185
-140.045889 1360.851555
-215.738142 1355.160566
-217.537318 1354.980057
-293.109113 1347.273301
-294.830048 1347.053326
-370.226978 1337.266356
-371.868731 1337.009941
-447.024001 1325.097005
-448.585826 1324.807200
-523.413886 1310.721855
-524.896572 1310.401548
-599.341937 1294.093021
-600.745313 1293.745652
-674.710527 1275.184282
-676.035283 1274.811719
-749.440448 1253.889935
-750.687064 1253.496000
-823.424128 1230.205225
-824.594092 1229.792732
-896.558526 1204.086958
-897.654064 1203.659102
-968.753796 1175.528798
-969.776339 1175.087482
-1039.877974 1144.439802
-1040.829692 1143.987019
-1109.786280 1110.758556
-1110.669054 1110.296012
-1178.322554 1074.396521
-1179.138283 1073.926363
-1245.312458 1035.304235
-1246.062898 1034.828033
-1310.550274 993.394153
-1311.237528 992.913956
