# Perfil a x=30000.0 mm
1569.378210 186.573075
1572.671518 186.057324
1585.411043 184.104541
1588.046929 183.700126
1594.419624 182.742735
1595.738195 182.544454
1602.113318 181.602764
1603.432349 181.407732
1609.810506 180.484601
1611.130208 180.293411
1617.512208 179.391720
1618.832705 179.204968
1622.011973 178.738308
1622.669814 178.641663
1625.858791 178.140946
1626.518600 178.037241
1627.993952 177.408360
1628.299194 177.278198
1629.596954 176.327280
1629.865475 176.130490
1630.907566 174.897304
1631.123120 174.642114
1631.521995 173.942591
1631.604523 173.797842
1631.907725 173.057005
1631.970448 172.903714
1632.284572 171.333448
1632.349557 171.008552
1632.350863 170.985045
1632.358561 170.859168
1632.365570 170.749537
1632.372291 170.653166
1632.378509 170.567933
1632.384375 170.492043
1632.389873 170.424106
1632.395330 170.362981
1632.400399 170.307695
1632.405364 170.257552
1632.410155 170.211864
1632.414737 170.170106
1632.419189 170.131831
1632.423598 170.096646
1632.427812 170.064230
1632.431935 170.034249
1632.435928 170.006524
1632.439881 169.980792
1632.443693 169.956893
1632.447448 169.934617
1632.451112 169.913854
1632.454758 169.894482
1632.458268 169.876336
1632.461707 169.859367
1632.574876 169.230899
1632.286286 168.293860
1632.270805 168.240451
1632.253752 168.180648
1632.234855 168.113023
1632.213740 168.035834
1632.189906 167.946687
1632.162696 167.842301
1632.130782 167.718181
1632.099942 167.595256
1632.006749 167.367111
1631.545296 166.238840
1631.413447 166.030577
1630.761278 165.000659
1630.593851 164.818946
1629.765387 163.920437
1629.568332 163.771122
1628.593634 163.032837
1628.373352 162.921455
1627.283696 162.370762
1627.047369 162.300124
1625.878502 161.950987
1625.633887 161.922159
1624.423790 161.779834
1623.440976 161.875658
1618.580277 162.350440
1618.143654 162.399125
1615.984043 162.640768
1614.892320 162.753633
1609.492785 163.312856
1609.055915 163.355395
1606.895288 163.566243
1604.599526 163.770433
1593.244965 164.782757
1588.646259 165.097237
1565.901392 166.657511
1563.928501 166.759722
1554.170748 167.267331
1548.248342 167.486659
1518.956602 168.577736
1509.739943 168.784979
1464.154546 169.819644
1449.010474 169.828493
1374.108355 169.887850
1358.986855 169.063284
1284.199384 165.000876
1269.151372 163.298918
1194.726337 154.897374
1179.793170 152.378504
1105.935401 139.936816
1091.150874 136.656040
1018.027219 120.446228
1003.419401 116.451211
931.168783 96.708999
916.757517 92.054123
845.478379 69.048476
831.263600 63.813423
760.974886 37.945524
739.091927 28.820179
630.884299 -16.273718
610.136753 -25.805577
507.542519 -72.910475
486.990165 -82.859864
385.366254 -132.026556
364.887034 -142.126011
263.624371 -192.034742
243.491310 -201.842578
143.940503 -250.310061
123.668900 -259.827936
23.433647 -306.861874
-1.284965 -317.751857
-123.474127 -371.549914
-148.568064 -381.542494
-272.611159 -430.905042
-285.319065 -435.478467
-348.135551 -458.069662
-360.954932 -462.320538
-424.322023 -483.317491
-437.250490 -487.224042
-501.156357 -506.519068
-514.187656 -510.067674
-578.601367 -527.593451
-598.692247 -532.332441
-698.000680 -555.734439
-718.276894 -559.604002
-818.500464 -578.708435
-837.626841 -581.468916
-932.165934 -595.092503
-948.991445 -596.774120
-1032.156874 -605.067446
-1049.038918 -606.028994
-1132.482950 -610.762931
-1149.391857 -610.986962
-1232.963067 -612.075216
-1249.864859 -611.534445
-1333.399921 -608.842622
-1350.255735 -607.484187
-1433.562550 -600.751197
-1450.330946 -598.526243
-1533.176924 -587.514350
-1549.798124 -584.373487
-1631.915645 -568.836595
-1648.315928 -564.694115
-1729.340660 -544.208948
-1741.181791 -540.473307
-1799.661807 -522.009586
-1811.261044 -517.581046
-1868.545460 -495.695509
-1879.761345 -490.373462
-1935.151240 -464.075497
-1940.537054 -460.986421
-1967.134478 -445.723665
-1972.312532 -442.297662
-1997.883299 -425.371210
-2001.912553 -422.317938
-2021.809908 -407.233695
-2025.640194 -403.934209
-2044.554481 -387.634207
-2048.379570 -383.765138
-2067.262381 -364.657426
-2070.605796 -360.367660
-2087.108735 -339.184546
-2089.692624 -334.401290
-2102.445209 -310.782694
-2104.061496 -305.592764
-2112.036214 -279.967544
-2112.192738 -279.011759
-2112.350213 -278.054515
-2112.481880 -277.257310
-2113.928219 -268.372718
-2114.091629 -266.316671
-2114.101296 -266.190185
-2114.112359 -266.047483
-2114.125054 -265.885191
-2114.139771 -265.698989
-2114.156936 -265.483115
-2114.177270 -265.229796
-2114.201608 -264.928373
-2114.231254 -264.563609
-2114.268063 -264.113089
-2114.314952 -263.542544
-2114.376465 -262.796457
-2114.460592 -261.778911
-2114.557951 -260.604827
-2114.470331 -244.501343
-2114.451612 -241.177601
-2111.706359 -225.321560
-2111.139144 -222.048976
-2106.120429 -208.450594
-2105.084069 -205.644058
-2098.593726 -192.678453
-2097.253649 -190.002567
-2086.190278 -172.221216
-2083.906159 -168.551499
-2071.442975 -151.718387
-2068.869756 -148.244134
-2044.500667 -120.335381
-2039.469482 -114.575295
-2013.022032 -88.620533
-2007.561891 -83.263846
-1979.625936 -58.914685
-1973.858609 -53.889466
-1944.781792 -30.912678
-1938.779030 -26.170775
-1886.150931 11.026030
-1875.286269 18.702457
-1820.643043 52.877136
-1809.362546 59.929680
-1753.153417 91.467443
-1741.549750 97.975632
-1684.086009 127.158818
-1672.218601 133.183419
-1613.709409 160.212663
-1601.626185 165.792430
-1542.232269 190.820513
-1529.966394 195.987014
-1469.807859 219.116702
-1457.383110 223.891558
-1396.544881 245.171878
-1383.979844 249.564778
-1322.538605 269.038093
-1309.849081 273.057785
-1247.867304 290.737829
-1235.066223 294.387156
-1172.598032 310.265734
-1159.696555 313.542997
-1096.794026 327.605668
-1083.802918 330.507905
-1020.512741 342.711344
-1007.441637 345.229602
-943.810836 355.484099
-930.664059 357.600738
-866.734443 365.793014
-853.526002 367.483587
-789.367346 373.641957
-776.111658 374.912320
-703.764559 379.793640
-688.817150 380.799933
-616.373762 383.973640
-601.406518 384.627133
-528.912407 386.261508
-513.933465 386.597009
-441.420354 386.783951
-426.437541 386.820389
-281.446270 383.692124
-251.487973 383.041415
-106.640016 376.031120
-76.699157 374.577736
96.877396 362.120432
132.756483 359.540279
306.056335 343.669000
341.878110 340.383194
546.956729 318.432756
589.350838 313.889048
738.718026 296.462147
769.608023 292.853738
825.051205 286.079594
836.517192 284.677020
849.309789 283.097061
851.955369 282.769940
1171.584582 241.834794
1237.685736 233.359731
1352.661709 218.015255
1376.451233 214.836989
1425.403835 208.163620
1435.532516 206.781404
1488.681801 199.106044
1499.678768 197.516398
1518.780269 194.536592
1522.732548 193.919487
1535.462971 191.908324
1538.097014 191.491824
1550.827438 189.480079
1553.461439 189.063465
1569.378210 186.573075
