# Perfil 45000
1.000000 -0.000002
0.999976 0.000172
0.999971 0.000210
0.999923 0.000380
0.999912 0.000417
0.999752 0.000737
0.999718 0.000806
0.999505 0.001070
0.999459 0.001128
0.999198 0.001343
0.999141 0.001390
0.998840 0.001547
0.998775 0.001581
0.998454 0.001690
0.998384 0.001714
0.997759 0.001919
0.997623 0.001964
0.996390 0.002364
0.996122 0.002451
0.992613 0.003563
0.991850 0.003805
0.985691 0.005664
0.984352 0.006069
0.976639 0.008255
0.974960 0.008731
0.967301 0.010777
0.965633 0.011222
0.958377 0.013077
0.956794 0.013481
0.949321 0.015337
0.947689 0.015743
0.940548 0.017494
0.938988 0.017877
0.926448 0.020983
0.923705 0.021663
0.920030 0.022598
0.919226 0.022802
0.915173 0.023837
0.914285 0.024063
0.902211 0.027150
0.899563 0.027828
0.881650 0.032418
0.877714 0.033426
0.825396 0.046775
0.813841 0.049722
0.761474 0.062632
0.749839 0.065500
0.694800 0.078070
0.682498 0.080879
0.654889 0.086669
0.648696 0.087967
0.621019 0.093341
0.614793 0.094550
0.574152 0.101526
0.564971 0.103101
0.524171 0.108834
0.514914 0.110134
0.473969 0.114382
0.464637 0.115350
0.444115 0.116820
0.439428 0.117156
0.418886 0.118109
0.414183 0.118326
0.396011 0.118622
0.391843 0.118689
0.373675 0.118408
0.369502 0.118343
0.333246 0.116388
0.324886 0.115936
0.288777 0.112340
0.280425 0.111508
0.244540 0.106322
0.236206 0.105117
0.200630 0.098283
0.192332 0.096689
0.174690 0.092609
0.170567 0.091655
0.153050 0.087094
0.148949 0.086026
0.131587 0.080942
0.127512 0.079748
0.110339 0.074078
0.106302 0.072745
0.089370 0.066406
0.085384 0.064914
0.068785 0.057779
0.064866 0.056094
0.050104 0.048692
0.046614 0.046941
0.032476 0.038424
0.029129 0.036407
0.020565 0.030095
0.018534 0.028597
0.010784 0.021324
0.008944 0.019597
0.004962 0.014376
0.004015 0.013134
0.001635 0.008064
0.001069 0.006858
0.000413 0.004133
0.000257 0.003484
0.000254 0.003441
0.000238 0.003231
0.000224 0.003045
0.000211 0.002879
0.000200 0.002731
0.000190 0.002597
0.000181 0.002475
0.000172 0.002365
0.000165 0.002263
0.000158 0.002171
0.000151 0.002085
0.000145 0.002006
0.000140 0.001932
0.000135 0.001864
0.000130 0.001800
0.000126 0.001741
0.000121 0.001685
0.000118 0.001633
0.000114 0.001584
0.000111 0.001537
0.000107 0.001494
0.000104 0.001452
0.000101 0.001413
0.000099 0.001376
0.000096 0.001341
0.000094 0.001307
0.000091 0.001275
0.000089 0.001245
0.000087 0.001216
0.000085 0.001188
0.000083 0.001162
0.000081 0.001136
0.000080 0.001112
0.000078 0.001089
0.000076 0.001066
0.000075 0.001045
0.000073 0.001024
0.000072 0.001004
0.000070 0.000985
0.000069 0.000967
0.000068 0.000949
0.000067 0.000932
0.000066 0.000915
0.000064 0.000899
0.000000 0.000000
0.000003 -0.000260
0.000003 -0.000269
0.000003 -0.000279
0.000003 -0.000290
0.000004 -0.000301
0.000004 -0.000314
0.000004 -0.000327
0.000005 -0.000342
0.000005 -0.000359
0.000006 -0.000377
0.000006 -0.000396
0.000007 -0.000419
0.000008 -0.000443
0.000008 -0.000471
0.000009 -0.000502
0.000010 -0.000538
0.000012 -0.000579
0.000013 -0.000626
0.000015 -0.000682
0.000017 -0.000748
0.000020 -0.000829
0.000023 -0.000928
0.000026 -0.001025
0.000112 -0.001707
0.000445 -0.004377
0.000632 -0.005038
0.001365 -0.007628
0.001648 -0.008254
0.002757 -0.010707
0.003137 -0.011280
0.004624 -0.013523
0.005602 -0.014487
0.009430 -0.018259
0.010566 -0.019034
0.015011 -0.022066
0.016446 -0.022813
0.022063 -0.025734
0.023555 -0.026361
0.029394 -0.028810
0.033600 -0.030153
0.050052 -0.035405
0.053436 -0.036237
0.066655 -0.039485
0.070070 -0.040188
0.083400 -0.042931
0.089218 -0.043908
0.111909 -0.047719
0.117762 -0.048508
0.140558 -0.051578
0.150372 -0.052577
0.188537 -0.056457
0.198395 -0.057135
0.236649 -0.059761
0.246539 -0.060154
0.284836 -0.061673
0.294749 -0.061785
0.333056 -0.062211
0.342983 -0.062011
0.381267 -0.061233
0.386231 -0.060977
0.405346 -0.059989
0.410305 -0.059602
0.410305 -0.059602
0.429383 -0.058112
0.439285 -0.057075
0.477339 -0.053085
0.487230 -0.051812
0.525162 -0.046924
0.540522 -0.044645
0.599293 -0.035919
0.609855 -0.034239
0.650162 -0.027824
0.666035 -0.025313
0.726469 -0.015750
0.735602 -0.014397
0.770267 -0.009263
0.782547 -0.007677
0.829085 -0.001662
0.835256 -0.001019
0.858580 0.001415
0.864771 0.001918
0.888139 0.003819
0.895633 0.004177
0.923883 0.005531
0.929385 0.005507
0.950098 0.005419
0.952845 0.005227
0.963176 0.004507
0.965908 0.004147
0.976174 0.002797
0.979392 0.002108
0.991485 -0.000483
0.992478 -0.000762
0.996206 -0.001812
0.996414 -0.001875
0.997193 -0.002110
0.997279 -0.002135
0.997600 -0.002229
0.997688 -0.002239
0.998020 -0.002278
0.998109 -0.002269
0.998442 -0.002237
0.998526 -0.002210
0.998844 -0.002109
0.998922 -0.002064
0.999211 -0.001898
0.999277 -0.001839
0.999525 -0.001616
0.999578 -0.001544
0.999773 -0.001273
0.999789 -0.001237
0.999804 -0.001199
0.999817 -0.001167
0.999828 -0.001142
0.999836 -0.001120
0.999844 -0.001101
0.999850 -0.001084
0.999856 -0.001070
0.999860 -0.001057
0.999864 -0.001045
0.999868 -0.001035
0.999871 -0.001026
0.999874 -0.001017
0.999877 -0.001009
0.999879 -0.001002
0.999881 -0.000996
0.999883 -0.000989
0.999885 -0.000984
0.999886 -0.000978
0.999887 -0.000973
0.999889 -0.000968
0.999890 -0.000964
0.999918 -0.000846
0.999949 -0.000637
0.999950 -0.000633
0.999950 -0.000629
0.999951 -0.000626
0.999951 -0.000621
0.999952 -0.000617
0.999952 -0.000613
0.999953 -0.000608
0.999953 -0.000604
0.999954 -0.000599
0.999955 -0.000593
0.999955 -0.000588
0.999956 -0.000582
0.999956 -0.000576
0.999957 -0.000570
0.999958 -0.000564
0.999958 -0.000557
0.999959 -0.000550
0.999960 -0.000542
0.999961 -0.000534
0.999961 -0.000526
0.999962 -0.000517
0.999963 -0.000507
0.999964 -0.000497
0.999965 -0.000487
0.999966 -0.000476
0.999967 -0.000464
0.999968 -0.000451
0.999969 -0.000437
0.999970 -0.000423
0.999971 -0.000407
0.999973 -0.000390
0.999974 -0.000372
0.999976 -0.000353
0.999977 -0.000331
0.999979 -0.000308
0.999981 -0.000283
0.999983 -0.000255
0.999985 -0.000225
0.999987 -0.000191
0.999990 -0.000154
0.999993 -0.000112
0.999996 -0.000066
0.999999 -0.000013
